-25.20112364547507 70.72595997288003 36.30237041239346 -6.666263303117736e-16 72.97166961472651 -25.20112364547507
-26.898481372843985 71.49100611318272 35.79701563122814 9.31485698855832e-16 72.71197825558914 -26.898481372843992
-28.479259395938744 72.37953682210014 35.197666559078414 1.391281754338879e-15 72.42279661882145 -28.479259395938747
-29.932981430831347 73.37864928565708 34.50764478310955 -1.0332118357220349e-15 72.11370593123338 -29.932981430831344
-31.25274300823468 74.4749594923323 33.73073358457838 -2.1689818499272955e-15 71.79430692308934 -31.252743008234674
-32.43487723162931 75.65504679466646 32.871130001798925 2.380428744401931e-15 71.47382320353461 -32.43487723162931
-33.47851290771144 76.90582080765415 31.933390415801743 -4.084882983234335e-16 71.16078877654412 -33.47851290771144
-34.38508586592069 78.21480273251989 30.922372272157038 -1.809536007877363e-15 70.8628249953231 -34.3850858659207
-35.157851432400555 79.57032259116065 29.84317479518476 2.4665386641390016e-15 70.58650261365462 -35.15785143240056
-35.80143126869103 80.96164038612288 28.70108140929493 -9.015952656783158e-17 70.33727820458219 -35.80143126869103
-36.321414120746645 82.37900293654837 27.501506159313458 6.950269337355913e-16 70.11949090413817 -36.321414120746645
-36.724019027508156 83.81364956409408 26.24994584156156 -1.5469791220980646e-15 69.93640459434438 -36.72401902750815
-37.015821666006936 85.25777955455895 24.95193893311723 -1.0430146937621127e-15 69.79028151232383 -37.01582166600693
-37.20353951580905 86.7044930258441 23.613031822370562 -5.567389370394638e-16 69.68247515178534 -37.203539515809055
-37.2938688338606 88.14771500782624 22.23875235084904 -1.097297255044264e-16 69.61353264132472 -37.2938688338606
-37.29336539279871 89.5821105621181 20.834590296256806 -2.8961718373645166e-15 69.58329914162509 -37.29336539279872
-37.20836097164943 91.00299688392529 19.405984160062328 -2.973678374451259e-15 69.59101895601239 -37.20836097164943
-37.04490824335048 92.40625667042494 17.958313456688643 -1.5828849901065531e-15 69.63542987288642 -37.04490824335047
-36.80874765594904 93.78825566776749 16.49689561579249 7.965161810757866e-16 69.71484871644004 -36.80874765594904
-36.50529094331204 95.14576622789464 15.02698658313989 1.2917416612566616e-15 69.82724718896547 -36.50529094331205
-36.139616902014524 96.47589789289908 13.553784219671444 -1.0636250500320954e-15 69.97031788742947 -36.139616902014524
-35.716475968802676 97.77603544019031 12.082433636212143 -2.054464331119551e-15 70.14153092359756 -35.71647596880268
-35.24030090148875 99.04378442353314 10.618033650437386 -6.151550294518694e-16 70.33818192602948 -35.24030090148875
-34.7152215024004 100.27692399199492 9.165643604436708 -1.0404437315083481e-15 70.55743240356838 -34.715221502400404
-34.14508183724871 101.47336662458562 7.730289830174083 -6.155265801678179e-16 70.79634354524029 -34.1450818372487
-33.53345880893307 102.63112435231749 6.316971093873101 -1.5446847680322883e-15 71.05190455380942 -33.53345880893308
-32.88368126244569 103.74828102676084 4.930662388795923 2.7630135491625465e-15 71.32105658444324 -32.88368126244569
-32.19884904011921 104.82297021530054 3.5763164809448984 1.5425135308731872e-15 71.60071330375457 -32.19884904011921
-31.481851590672225 105.85335834287817 2.2588626473964 5.825899988373561e-16 71.88777900972543 -31.481851590672225
-30.735385873385567 106.83763274612251 0.9832020870385935 1.378063495244615e-16 72.17916516683889 -30.735385873385567
-29.961973400646112 107.773994349152 -0.2458004658932022 2.8957237134281566e-16 72.4718061167412 -29.961973400646112
-29.16397633639243 108.66065470374588 -1.4233293277230274 -1.1998020080560469e-15 72.76267462397715 -29.163976336392437
-28.34361262132918 109.49583715446084 -2.5446349626332676 -5.440246015411686e-16 73.04879780817242 -28.343612621329186
-27.50297013334704 110.2777818875479 -3.6050557845967535 -1.0343579034076518e-15 73.32727389704887 -27.502970133347052
-26.64401991742331 111.00475459867515 -4.600044706075572 -9.161816451510713e-16 73.59529010740042 -26.64401991742332
-25.768628536477962 111.67505846770354 -5.525200290616494 7.545971933453313e-16 73.85014182291296 -25.768628536477966
-24.878569605580598 112.28704906037571 -6.37630214959265 8.0500558715966e-16 74.08925308921694 -24.878569605580598
-23.97553457832714 112.83915169041373 -7.149349981030421 8.833277173929713e-17 74.3101982906167 -23.975534578327146
-23.06114285747506 113.32988067743281 -7.840605392224613 -5.95152571427111e-16 74.5107247147918 -23.06114285747506
-22.136951303042796 113.75785983507923 -8.446635394319022 -8.4980979526605935e-16 74.68877555923979 -22.136951303042796
-21.204463210789278 114.12184343089484 -8.964356227275873 2.5873063017304054e-16 74.84251279638103 -21.204463210789278
-20.265136832841865 114.42073678695257 -9.39107599153192 -4.140583947874212e-16 74.97033920457935 -20.26513683284187
-19.32039351063983 114.65361565072165 -9.724534452231998 2.2314365568741423e-16 75.07091880151036 -19.320393510639832
-18.37162548859755 114.81974346979138 -9.962938364289302 1.2492794899035674e-16 75.14319489449792 -18.37162548859756
-17.420203475179857 114.91858575957704 -10.104990756110395 1.2209555190591037e-15 75.18640499653335 -17.420203475179857
-16.467484016569614 114.94982086267159 -10.1499128113646 3.413075420796986e-17 75.20009194869301 -16.467484016569617
-15.5148167469006 114.91334655890874 -10.09745729456392 -8.133990593274408e-16 75.1841107356552 -15.5148167469006
-14.563551578194355 114.80928218721942 -9.94791285811105 5.870536012310759e-16 75.13863067089163 -14.563551578194351
-13.615045892721847 114.6379661694302 -9.702099015863155 5.106793183823848e-16 75.06413284643297 -13.615045892721847
-12.67067180052742 114.39994906414897 -9.361352033949412 -2.1218087623020908e-16 74.96140296980046 -12.670671800527423
-11.7318235253042 114.09598250647417 -8.927502433939537 1.0650336404299383e-16 74.83151992746537 -11.731823525304204
-10.799924982674412 113.72700458851408 -8.402845189682736 1.221078836725211e-16 74.67584060116866 -10.799924982674414
-9.876437616162317 113.29412239242848 -7.790103997948813 -2.0645558710250062e-17 74.49598160552036 -9.876437616162319
-8.96286855767884 112.79859249309165 -7.092391195973063 2.45049641897677e-16 74.29379870288142 -8.96286855767884
-8.06077918105934 112.2418002988341 -6.313164979986484 9.934257893583483e-17 74.07136468115239 -8.060779181059342
-7.171794118954175 111.62523909917752 -5.456185553368662 -2.2898571758886477e-16 73.83094645419114 -7.171794118954175
-6.297610814950086 110.95048964593138 -4.525471716291018 3.219569268552092e-16 73.57498207035964 -6.297610814950087
-5.440009683897184 110.21920101952404 -3.525259222029513 4.149426992823426e-17 73.30605820250548 -5.440009683897184
-4.600864953619484 109.43307343848073 -2.459961992703873 -1.534661439925729e-16 73.02688855422315 -4.600864953619483
-3.7821562599322083 108.59384356881706 -1.334137032760009 -2.0718574438609833e-16 72.74029346394296 -3.7821562599322083
-2.9859810634154953 107.70327279265263 -0.1524536228264546 -2.7173475865390295e-16 72.44918083017384 -2.985981063415495
-2.214567949674686 106.76313881018751 1.0803328641127505 -1.4543571453724217e-16 72.15652832569975 -2.214567949674686
-1.4702908634816563 105.77523088237261 2.3594023968667837 -1.575089166787718e-16 71.86536672076062 -1.4702908634816563
-0.7556843094151856 104.74134897660298 3.6798870255468628 -5.313864059982217e-17 71.57876399785017 -0.7556843094151855
-0.07345952499384588 103.6633070556777 5.036883129983311 4.445175175716593e-18 71.29980981433899 -0.0734595249938459
0.5734784063381174 102.54294075017764 6.425459496939993 -5.940715355573479e-17 71.03159975288236 0.5734784063381175
1.1820125897640568 101.38211967365652 7.840661634321824 2.2900951875437166e-17 70.77721869202166 1.1820125897640565
1.7487956647560503 100.1827646744464 9.277512796416342 7.137106060721848e-17 70.53972252913726 1.7487956647560505
2.2702307297785267 98.94687036175085 10.731012243798983 2.8504044665663296e-16 70.32211739445016 2.2702307297785267
2.7424522550356345 97.67653328967303 12.196131301021307 1.3693183599081021e-16 70.12733540930567 2.742452255035634
3.161307580556094 96.37398622144089 13.66780781021849 1.9955359766099412e-17 69.95820596834062 3.161307580556095
3.522339845131703 95.0416389152036 15.140939613985813 1.4726257533328782e-16 69.8174214708106 3.5223398451317025
3.820773514633496 93.6821258567494 16.610377739680203 -9.611864781286953e-18 69.70749640357042 3.8207735146334962
4.051504092564477 92.29836129334439 18.070920001464565 1.6586530556096577e-16 69.63071870519106 4.0515040925644765
4.209094118425276 90.8936017713863 19.517305785709585 -2.492672571360168e-19 69.58909244290413 4.209094118425277
4.2877782057309615 89.47151611767411 20.944212837125956 2.430086115136544e-16 69.58427104519994 4.287778205730962
4.281480650309952 88.03626239299007 22.34625691164337 1.1170632924708607e-16 69.61748069536657 4.281480650309953
4.183850046547866 86.59257074602516 23.717995198567028 6.185474059166327e-17 69.68943405540782 4.1838500465478665
3.9883163559624646 85.14583026276948 25.05393442615793 -3.133863110196266e-16 69.80023531107258 3.9883163559624646
3.68817691016514 83.70217680361228 26.34854453492105 2.5684640204400786e-16 69.94927866146668 3.68817691016514
3.276718768487784 82.26857742525036 27.596278711831488 -6.79382959785861e-18 70.13514386291817 3.276718768487784
2.7473854712393364 80.85290530619504 28.791600405333227 2.139854392512786e-17 70.35549428847172 2.7473854712393355
2.09399620025467 79.46399719572628 29.929017665902226 -5.2777420146779787e-17 70.6069851383715 2.093996200254669
1.3110242145135091 78.11168343004049 31.003124767940008 -4.029022665826931e-17 70.8851918020195 1.3110242145135091
0.39393858201871845 76.80677876001607 32.00865056745828 -7.298187725592552e-18 71.18457067252565 0.3939385820187184
-0.6603919695801835 75.56102100077545 32.94051246035669 1.6687925579981896e-17 71.49846653886786 -0.6603919695801835
-1.8532423728466594 74.38694437107803 33.793874181749985 3.2230493110574365e-17 71.81918144717199 -1.8532423728466594
-3.1835422311313044 73.29767597097761 34.56420511455793 -1.3531890341570614e-16 72.13811891446446 -3.1835422311313044
-4.647388862523476 72.30664778431958 35.24733837006362 9.139234026455768e-17 72.44601384561679 -4.647388862523477
-6.237611453317897 71.42722334868357 35.83952478828336 3.709996808626935e-17 72.73325186303309 -6.237611453317896
-7.943447935475137 70.67224783882838 36.3374802811958 1.2597889819911657e-16 72.99027187997581 -7.943447935475138
-9.750402175232763 70.05354207895343 36.73842463771381 -3.9063543420056467e-16 73.20803328333277 -9.750402175232761
-11.640343722933189 69.58137334720388 37.04011094647665 -5.724836948834372e-16 73.37851570631948 -11.640343722933189
-13.591892306909699 69.2639463193352 37.24084596672258 -7.024554480260731e-16 73.49520771394222 -13.591892306909694
-15.581094459339143 69.10696324524805 37.33950279184523 1.1095692311694496e-15 73.55353396290674 -15.58109445933915
-17.582355094446417 69.11330097478198 37.335527702420784 1.0820058852641504e-15 73.55117132279726 -17.582355094446417
-19.569542202140497 69.28284262619506 37.22894300592066 1.2065059859622226e-15 73.48821436788425 -19.5695422021405
-21.517149887873583 69.61248449564744 37.02034692948421 5.2722288286529215e-17 73.36716857486836 -21.517149887873583
-23.40139345581504 70.09631735034615 36.710910520270346 -2.0520586847439053e-16 73.1927721293835 -23.401393455815032
-25.201123645475064 70.72595997288003 36.30237041239346 -8.298772115190523e-16 72.97166961472651 -25.20112364547507
